0 0 0
0.1 0.0203815 0.0245651
0.2 0.0409321 0.0490565
0.3 0.0617004 0.0734681
0.4 0.0827184 0.09779
0.5 0.104001 0.122009
0.6 0.125552 0.146112
0.7 0.147365 0.170083
0.8 0.16943 0.193904
0.9 0.191734 0.217558
1 0.214261 0.241026
1.1 0.236995 0.264289
1.2 0.259918 0.287324
1.3 0.283009 0.310111
1.4 0.306248 0.332626
1.5 0.329615 0.354846
1.6 0.353088 0.376744
1.7 0.376644 0.398295
1.8 0.400261 0.419471
1.9 0.423918 0.440246
2 0.447591 0.460591
2.1 0.471258 0.480477
2.2 0.494898 0.499876
2.3 0.51849 0.518758
2.4 0.542012 0.537095
2.5 0.565445 0.554857
2.6 0.588769 0.572018
2.7 0.611965 0.588549
2.8 0.635015 0.604425
2.9 0.6579 0.619619
3 0.680606 0.634107
3.1 0.703114 0.647868
3.2 0.72541 0.660879
3.3 0.74748 0.673122
3.4 0.769308 0.684579
3.5 0.790882 0.695235
3.6 0.812189 0.705077
3.7 0.833217 0.714094
3.8 0.853955 0.722279
3.9 0.874392 0.729626
4 0.894519 0.736134
4.1 0.914327 0.741802
4.2 0.933809 0.746634
4.3 0.952958 0.750639
4.4 0.971768 0.753825
4.5 0.990237 0.756206
4.6 1.00836 0.757801
4.7 1.02615 0.75863
4.8 1.04359 0.758717
4.9 1.06069 0.758091
5 1.07747 0.756782
5.1 1.09394 0.754826
5.2 1.1101 0.752261
5.3 1.12599 0.749128
5.4 1.14162 0.745471
5.5 1.15703 0.741335
5.6 1.17224 0.73677
5.7 1.18731 0.731824
5.8 1.20229 0.726546
5.9 1.21722 0.720986
6 1.23217 0.715192
6.1 1.24721 0.709209
6.2 1.26243 0.703079
6.3 1.2779 0.696839
6.4 1.29372 0.690519
6.5 1.30998 0.684143
6.6 1.32679 0.677724
6.7 1.34426 0.671266
6.8 1.3625 0.664762
6.9 1.38162 0.65819
7 1.40173 0.651518
7.1 1.42294 0.644697
7.2 1.44535 0.637667
7.3 1.46906 0.630353
7.4 1.49415 0.622668
7.5 1.52069 0.614512
7.6 1.54874 0.605778
7.7 1.57834 0.596345
7.8 1.60952 0.58609
7.9 1.64228 0.574886
8 1.6766 0.562599
8.1 1.71244 0.549092
8.2 1.74972 0.534227
8.3 1.78832 0.517861
8.4 1.82806 0.499841
8.5 1.86858 0.479996
8.6 1.90924 0.458124
8.7 1.94909 0.434029
8.8 1.98705 0.40762
8.9 2.02198 0.379063
9 2.0531 0.348591
9.1 2.08014 0.316501
9.2 2.10337 0.283122
9.3 2.12336 0.248779
9.4 2.14095 0.213791
9.5 2.15714 0.178428
9.6 2.17262 0.142915
9.7 2.18783 0.107423
9.8 2.20298 0.0720817
9.9 2.21816 0.0369879
10 2.23344 0.00221821
10.1 2.24884 -0.0321646
10.2 2.26439 -0.0661059
10.3 2.28008 -0.0995556
10.4 2.29592 -0.132467
10.5 2.31193 -0.164795
10.6 2.32809 -0.196496
10.7 2.3444 -0.22753
10.8 2.36087 -0.257856
10.9 2.37749 -0.287437
11 2.39426 -0.316234
11.1 2.41116 -0.344214
11.2 2.42821 -0.371344
11.3 2.44537 -0.39759
11.4 2.46266 -0.422924
11.5 2.48007 -0.447317
11.6 2.49759 -0.470741
11.7 2.5152 -0.493169
11.8 2.53292 -0.514577
11.9 2.55073 -0.534939
12 2.56863 -0.554231
12.1 2.58663 -0.572428
12.2 2.60473 -0.589505
12.3 2.62293 -0.605436
12.4 2.64124 -0.620194
12.5 2.65968 -0.633748
12.6 2.67827 -0.646069
12.7 2.69703 -0.65712
12.8 2.71599 -0.666865
12.9 2.73519 -0.675263
13 2.75468 -0.682269
13.1 2.77451 -0.687838
13.2 2.79473 -0.691918
13.3 2.81541 -0.694461
13.4 2.83664 -0.695415
13.5 2.85848 -0.694733
13.6 2.88103 -0.69237
13.7 2.90439 -0.688291
13.8 2.92867 -0.68247
13.9 2.95397 -0.674896
14 2.98042 -0.665576
14.1 3.00811 -0.654544
14.2 3.03718 -0.641859
14.3 3.06774 -0.627611
14.4 3.09992 -0.611921
14.5 3.13381 -0.594951
14.6 3.16949 -0.576901
14.7 3.20701 -0.558004
14.8 3.24634 -0.538521
14.9 3.28737 -0.518721
15 3.32988 -0.498844
15.1 3.37345 -0.479078
15.2 3.41743 -0.459505
15.3 3.46098 -0.44009
15.4 3.50319 -0.420661
15.5 3.54305 -0.400943
15.6 3.57966 -0.380576
15.7 3.61237 -0.359181
15.8 3.64079 -0.336432
15.9 3.66498 -0.312078
16 3.68515 -0.286042
16.1 3.70158 -0.258356
16.2 3.7147 -0.229193
16.3 3.72494 -0.198813
16.4 3.73281 -0.167481
16.5 3.7388 -0.135429
16.6 3.74317 -0.102942
16.7 3.74637 -0.0702662
16.8 3.74853 -0.0376768
16.9 3.74984 -0.00538106
17 3.75056 0.0264641
17.1 3.75089 0.0577183
17.2 3.75094 0.0882522
17.3 3.75076 0.117957
17.4 3.75048 0.146735
17.5 3.75017 0.1745
17.6 3.74992 0.201159
17.7 3.7498 0.226645
17.8 3.74983 0.250914
17.9 3.75034 0.273972
18 3.75152 0.295842
18.1 3.75354 0.316561
18.2 3.7565 0.33618
18.3 3.7605 0.354757
18.4 3.76562 0.37236
18.5 3.7719 0.389064
18.6 3.77941 0.404951
18.7 3.78817 0.420107
18.8 3.7982 0.434621
18.9 3.80949 0.448584
19 3.82205 0.462085
19.1 3.83583 0.475213
19.2 3.8508 0.488049
19.3 3.8669 0.500669
19.4 3.88407 0.513143
19.5 3.90222 0.52553
19.6 3.92129 0.537881
19.7 3.94117 0.550236
19.8 3.96178 0.562626
19.9 3.98302 0.575071
20 4.00479 0.587583
20.1 4.027 0.600164
20.2 4.04954 0.612809
20.3 4.07234 0.625507
20.4 4.0953 0.638238
20.5 4.11834 0.650982
20.6 4.14137 0.663711
20.7 4.16434 0.676397
20.8 4.18717 0.68901
20.9 4.2098 0.701521
21 4.23218 0.713901
21.1 4.25427 0.726121
21.2 4.27601 0.738158
21.3 4.29738 0.749988
21.4 4.31835 0.761591
21.5 4.33888 0.772944
21.6 4.35893 0.784024
21.7 4.37846 0.794797
21.8 4.39741 0.805219
21.9 4.41574 0.815234
22 4.43348 0.824795
22.1 4.45078 0.833882
22.2 4.46779 0.842478
22.3 4.48455 0.850545
22.4 4.5012 0.858085
22.5 4.51792 0.865138
22.6 4.5347 0.871702
22.7 4.55156 0.8778
22.8 4.56862 0.883502
22.9 4.58584 0.888863
23 4.60334 0.893974
23.1 4.62112 0.898921
23.2 4.63928 0.903812
23.3 4.65785 0.90876
23.4 4.67697 0.913869
23.5 4.69671 0.919211
23.6 4.71727 0.924825
23.7 4.73878 0.930678
23.8 4.76137 0.936658
23.9 4.78523 0.94254
24 4.81038 0.947925
24.1 4.83664 0.952117
24.2 4.86399 0.954851
24.3 4.89243 0.955953
24.4 4.9219 0.955293
24.5 4.95228 0.952778
24.6 4.98339 0.948291
24.7 5.01498 0.941657
24.8 5.04674 0.932739
24.9 5.07827 0.921342
25 5.10909 0.907217
25.1 5.13877 0.890144
25.2 5.16695 0.870085
25.3 5.19332 0.847032
25.4 5.21764 0.821103
25.5 5.23982 0.792424
25.6 5.25992 0.761312
25.7 5.27818 0.728089
25.8 5.29488 0.693053
25.9 5.31045 0.656616
26 5.32534 0.619168
26.1 5.33989 0.580989
26.2 5.35441 0.542365
26.3 5.36913 0.503498
26.4 5.38418 0.464527
26.5 5.39961 0.425553
26.6 5.41546 0.386659
26.7 5.43172 0.347915
26.8 5.44839 0.309387
26.9 5.46544 0.27113
27 5.48288 0.233198
27.1 5.50067 0.195637
27.2 5.51879 0.158491
27.3 5.53724 0.1218
27.4 5.55598 0.0855991
27.5 5.57501 0.0499219
27.6 5.59431 0.0147988
27.7 5.61386 -0.0197423
27.8 5.63365 -0.0536758
27.9 5.65366 -0.0869778
28 5.67389 -0.119626
28.1 5.6943 -0.151601
28.2 5.7149 -0.182882
28.3 5.73567 -0.213452
28.4 5.75659 -0.243294
28.5 5.77766 -0.27239
28.6 5.79886 -0.300726
28.7 5.82017 -0.328285
28.8 5.84159 -0.355054
28.9 5.8631 -0.381018
29 5.88469 -0.406161
29.1 5.90635 -0.43047
29.2 5.92805 -0.453931
29.3 5.9498 -0.476529
29.4 5.97157 -0.498251
29.5 5.99336 -0.519083
29.6 6.01515 -0.539011
29.7 6.03693 -0.558022
29.8 6.05868 -0.576101
29.9 6.0804 -0.593236
30 6.10207 -0.609415
30.1 6.12368 -0.624624
30.2 6.14522 -0.638851
30.3 6.16668 -0.652086
30.4 6.18806 -0.664318
30.5 6.20933 -0.675536
30.6 6.23049 -0.685732
30.7 6.25153 -0.694896
30.8 6.27244 -0.703023
30.9 6.29322 -0.710105
31 6.31386 -0.716138
31.1 6.33435 -0.721119
31.2 6.35469 -0.725044
31.3 6.37487 -0.727913
31.4 6.39488 -0.729726
31.5 6.41472 -0.730485
31.6 6.43439 -0.730194
31.7 6.45389 -0.728858
31.8 6.4732 -0.726484
31.9 6.49233 -0.723079
32 6.51129 -0.718655
32.1 6.53005 -0.713223
32.2 6.54864 -0.706797
32.3 6.56704 -0.699391
32.4 6.58526 -0.691023
32.5 6.6033 -0.681712
32.6 6.62116 -0.671477
32.7 6.63885 -0.660341
32.8 6.65637 -0.648327
32.9 6.67373 -0.635459
33 6.69093 -0.621765
33.1 6.70798 -0.607271
33.2 6.72488 -0.592006
33.3 6.74165 -0.576
33.4 6.7583 -0.559285
33.5 6.77484 -0.541891
33.6 6.79128 -0.52385
33.7 6.80763 -0.505197
33.8 6.82391 -0.485963
33.9 6.84014 -0.466183
34 6.85633 -0.445889
34.1 6.8725 -0.425115
34.2 6.88866 -0.403893
34.3 6.90485 -0.382256
34.4 6.92107 -0.360234
34.5 6.93735 -0.337859
34.6 6.9537 -0.315158
34.7 6.97016 -0.292161
34.8 6.98673 -0.268893
34.9 7.00345 -0.24538
35 7.02032 -0.221644
35.1 7.03737 -0.197706
35.2 7.05462 -0.173587
35.3 7.07208 -0.149305
35.4 7.08976 -0.124876
35.5 7.10769 -0.100314
35.6 7.12586 -0.0756317
35.7 7.1443 -0.0508419
35.8 7.16299 -0.0259545
35.9 7.18195 -0.000978762
36 7.20117 0.0240767
36.1 7.22066 0.0492042
36.2 7.2404 0.0743962
36.3 7.26038 0.0996455
36.4 7.2806 0.124945
36.5 7.30104 0.150287
36.6 7.32168 0.175664
36.7 7.3425 0.201068
36.8 7.36348 0.22649
36.9 7.38459 0.25192
37 7.40581 0.277348
37.1 7.42711 0.302762
37.2 7.44847 0.328152
37.3 7.46984 0.353505
37.4 7.49121 0.378807
37.5 7.51253 0.404048
37.6 7.5338 0.429213
37.7 7.55496 0.45429
37.8 7.57601 0.479267
37.9 7.5969 0.504133
38 7.61763 0.528878
38.1 7.63816 0.553493
38.2 7.65848 0.577971
38.3 7.67858 0.602309
38.4 7.69844 0.626504
38.5 7.71806 0.650555
38.6 7.73743 0.674467
38.7 7.75657 0.698245
38.8 7.77549 0.721898
38.9 7.79419 0.745439
39 7.81272 0.768881
39.1 7.83111 0.792241
39.2 7.8494 0.815538
39.3 7.86765 0.83879
39.4 7.88594 0.862017
39.5 7.90432 0.885234
39.6 7.92287 0.908454
39.7 7.94166 0.931682
39.8 7.9607 0.954917
39.9 7.98 0.978148
