0 900 4000 1300
1 920 4034.9 1300
2 940 4069.76 1300
3 960 4104.53 1300
4 980 4139.17 1300
5 1000 4173.65 1300
6 1020 4207.91 1300
7 1040 4241.92 1300
8 1060 4275.64 1300
9 1080 4309.02 1300
10 1100 4342.02 1300
11 1120 4374.61 1300
12 1140 4406.74 1300
13 1160 4438.37 1300
14 1180 4469.47 1300
15 1200 4500 1300
16 1220 4529.92 1300
17 1240 4559.19 1300
18 1260 4587.79 1300
19 1280 4615.66 1300
20 1300 4642.79 1300
21 1320 4669.13 1300
22 1340 4694.66 1300
23 1360 4719.34 1300
24 1380 4743.14 1300
25 1400 4766.04 1300
26 1420 4788.01 1300
27 1440 4809.02 1300
28 1460 4829.04 1300
29 1480 4848.05 1300
30 1500 4866.03 1300
31 1520 4882.95 1300
32 1540 4898.79 1300
33 1560 4913.55 1300
34 1580 4927.18 1300
35 1600 4939.69 1300
36 1620 4951.06 1300
37 1640 4961.26 1300
38 1660 4970.3 1300
39 1680 4978.15 1300
40 1700 4984.81 1300
41 1720 4990.27 1300
42 1740 4994.52 1300
43 1760 4997.56 1300
44 1780 4999.39 1300
45 1800 5000 1300
46 1820 4999.39 1300
47 1840 4997.56 1300
48 1860 4994.52 1300
49 1880 4990.27 1300
50 1900 4984.81 1300
51 1920 4978.15 1300
52 1940 4970.3 1300
53 1960 4961.26 1300
54 1980 4951.06 1300
55 2000 4939.69 1300
56 2020 4927.18 1300
57 2040 4913.55 1300
58 2060 4898.79 1300
59 2080 4882.95 1300
60 2100 4866.03 1300
61 2120 4848.05 1300
62 2140 4829.04 1300
63 2160 4809.02 1300
64 2180 4788.01 1300
65 2200 4766.04 1300
66 2220 4743.14 1300
67 2240 4719.34 1300
68 2260 4694.66 1300
69 2280 4669.13 1300
70 2300 4642.79 1300
71 2320 4615.66 1300
72 2340 4587.79 1300
73 2360 4559.19 1300
74 2380 4529.92 1300
75 2400 4500 1300
76 2420 4469.47 1300
77 2440 4438.37 1300
78 2460 4406.74 1300
79 2480 4374.61 1300
80 2500 4342.02 1300
81 2520 4309.02 1300
82 2540 4275.64 1300
83 2560 4241.92 1300
84 2580 4207.91 1300
85 2600 4173.65 1300
86 2620 4139.17 1300
87 2640 4104.53 1300
88 2660 4069.76 1300
89 2680 4034.9 1300
90 2700 4000 1300
91 2720 3965.1 1300
92 2740 3930.24 1300
93 2760 3895.47 1300
94 2780 3860.83 1300
95 2800 3826.35 1300
96 2820 3792.09 1300
97 2840 3758.08 1300
98 2860 3724.36 1300
99 2880 3690.98 1300
100 2900 3657.98 1300
101 2920 3625.39 1300
102 2940 3593.26 1300
103 2960 3561.63 1300
104 2980 3530.53 1300
105 3000 3500 1300
106 3020 3470.08 1300
107 3040 3440.81 1300
108 3060 3412.21 1300
109 3080 3384.34 1300
110 3100 3357.21 1300
111 3120 3330.87 1300
112 3140 3305.34 1300
113 3160 3280.66 1300
114 3180 3256.86 1300
115 3200 3233.96 1300
116 3220 3211.99 1300
117 3240 3190.98 1300
118 3260 3170.96 1300
119 3280 3151.95 1300
120 3300 3133.97 1300
121 3320 3117.05 1300
122 3340 3101.21 1300
123 3360 3086.45 1300
124 3380 3072.82 1300
125 3400 3060.31 1300
126 3420 3048.94 1300
127 3440 3038.74 1300
128 3460 3029.7 1300
129 3480 3021.85 1300
130 3500 3015.19 1300
131 3520 3009.73 1300
132 3540 3005.48 1300
133 3560 3002.44 1300
134 3580 3000.61 1300
135 3600 3000 1300
136 3620 3000.61 1300
137 3640 3002.44 1300
138 3660 3005.48 1300
139 3680 3009.73 1300
140 3700 3015.19 1300
141 3720 3021.85 1300
142 3740 3029.7 1300
143 3760 3038.74 1300
144 3780 3048.94 1300
145 3800 3060.31 1300
146 3820 3072.82 1300
147 3840 3086.45 1300
148 3860 3101.21 1300
149 3880 3117.05 1300
150 3900 3133.97 1300
151 3920 3151.95 1300
152 3940 3170.96 1300
153 3960 3190.98 1300
154 3980 3211.99 1300
155 4000 3233.96 1300
156 4020 3256.86 1300
157 4040 3280.66 1300
158 4060 3305.34 1300
159 4080 3330.87 1300
160 4100 3357.21 1300
161 4120 3384.34 1300
162 4140 3412.21 1300
163 4160 3440.81 1300
164 4180 3470.08 1300
165 4200 3500 1300
166 4220 3530.53 1300
167 4240 3561.63 1300
168 4260 3593.26 1300
169 4280 3625.39 1300
170 4300 3657.98 1300
171 4320 3690.98 1300
172 4340 3724.36 1300
173 4360 3758.08 1300
174 4380 3792.09 1300
175 4400 3826.35 1300
176 4420 3860.83 1300
177 4440 3895.47 1300
178 4460 3930.24 1300
179 4480 3965.1 1300
180 4500 4000 1300
181 4520 4034.9 1300
182 4540 4069.76 1300
183 4560 4104.53 1300
184 4580 4139.17 1300
185 4600 4173.65 1300
186 4620 4207.91 1300
187 4640 4241.92 1300
188 4660 4275.64 1300
189 4680 4309.02 1300
190 4700 4342.02 1300
191 4720 4374.61 1300
192 4740 4406.74 1300
193 4760 4438.37 1300
194 4780 4469.47 1300
195 4800 4500 1300
196 4820 4529.92 1300
197 4840 4559.19 1300
198 4860 4587.79 1300
199 4880 4615.66 1300
200 4900 4642.79 1300
201 4920 4669.13 1300
202 4940 4694.66 1300
203 4960 4719.34 1300
204 4980 4743.14 1300
205 5000 4766.04 1300
206 5020 4788.01 1300
207 5040 4809.02 1300
208 5060 4829.04 1300
209 5080 4848.05 1300
210 5100 4866.03 1300
211 5120 4882.95 1300
212 5140 4898.79 1300
213 5160 4913.55 1300
214 5180 4927.18 1300
215 5200 4939.69 1300
216 5220 4951.06 1300
217 5240 4961.26 1300
218 5260 4970.3 1300
219 5280 4978.15 1300
220 5300 4984.81 1300
221 5320 4990.27 1300
222 5340 4994.52 1300
223 5360 4997.56 1300
224 5380 4999.39 1300
225 5400 5000 1300
226 5420 4999.39 1300
227 5440 4997.56 1300
228 5460 4994.52 1300
229 5480 4990.27 1300
230 5500 4984.81 1300
231 5520 4978.15 1300
232 5540 4970.3 1300
233 5560 4961.26 1300
234 5580 4951.06 1300
235 5600 4939.69 1300
236 5620 4927.18 1300
237 5640 4913.55 1300
238 5660 4898.79 1300
239 5680 4882.95 1300
240 5700 4866.03 1300
241 5720 4848.05 1300
242 5740 4829.04 1300
243 5760 4809.02 1300
244 5780 4788.01 1300
245 5800 4766.04 1300
246 5820 4743.14 1300
247 5840 4719.34 1300
248 5860 4694.66 1300
249 5880 4669.13 1300
250 5900 4642.79 1300
251 5920 4615.66 1300
252 5940 4587.79 1300
253 5960 4559.19 1300
254 5980 4529.92 1300
255 6000 4500 1300
256 6020 4469.47 1300
257 6040 4438.37 1300
258 6060 4406.74 1300
259 6080 4374.61 1300
260 6100 4342.02 1300
261 6120 4309.02 1300
262 6140 4275.64 1300
263 6160 4241.92 1300
264 6180 4207.91 1300
265 6200 4173.65 1300
266 6220 4139.17 1300
267 6240 4104.53 1300
268 6260 4069.76 1300
269 6280 4034.9 1300
270 6300 4000 1300
271 6320 3965.1 1300
272 6340 3930.24 1300
273 6360 3895.47 1300
274 6380 3860.83 1300
275 6400 3826.35 1300
276 6420 3792.09 1300
277 6440 3758.08 1300
278 6460 3724.36 1300
279 6480 3690.98 1300
280 6500 3657.98 1300
281 6520 3625.39 1300
282 6540 3593.26 1300
283 6560 3561.63 1300
284 6580 3530.53 1300
285 6600 3500 1300
286 6620 3470.08 1300
287 6640 3440.81 1300
288 6660 3412.21 1300
289 6680 3384.34 1300
290 6700 3357.21 1300
291 6720 3330.87 1300
292 6740 3305.34 1300
293 6760 3280.66 1300
294 6780 3256.86 1300
295 6800 3233.96 1300
296 6820 3211.99 1300
297 6840 3190.98 1300
298 6860 3170.96 1300
299 6880 3151.95 1300
