0 865.211 4107.07 0
1 867.969 4132.93 0
2 871.906 4156.96 0
3 877.642 4179.03 0
4 885.629 4199.33 0
5 896.129 4218.22 0
6 909.248 4236.16 0
7 924.968 4253.59 0
8 943.156 4270.94 0
9 963.535 4288.54 0
10 985.657 4306.64 0
11 1008.96 4325.34 0
12 1033.18 4344.73 0
13 1058.16 4364.86 0
14 1083.78 4385.78 0
15 1109.91 4407.5 0
16 1136.45 4429.99 0
17 1163.26 4453.17 0
18 1190.15 4476.84 0
19 1216.83 4500.59 0
20 1242.9 4523.67 0
21 1267.98 4545.29 0
22 1292.35 4565.99 0
23 1316.28 4586.37 0
24 1339.93 4606.72 0
25 1363.35 4627.19 0
26 1386.58 4647.77 0
27 1409.61 4668.36 0
28 1432.4 4688.64 0
29 1454.84 4708.02 0
30 1476.8 4725.49 0
31 1498.11 4740.03 0
32 1518.98 4752.63 0
33 1539.56 4764.26 0
34 1559.97 4775.5 0
35 1580.27 4786.6 0
36 1600.48 4797.61 0
37 1620.61 4808.44 0
38 1640.63 4818.77 0
39 1660.49 4827.92 0
40 1680.05 4834.83 0
41 1699.19 4838.45 0
42 1718.09 4839.84 0
43 1736.9 4840.06 0
44 1755.74 4839.76 0
45 1774.7 4839.23 0
46 1793.81 4838.54 0
47 1813.11 4837.6 0
48 1832.58 4836.07 0
49 1852.16 4833.3 0
50 1871.71 4828.3 0
51 1891.14 4820.1 0
52 1910.68 4809.64 0
53 1930.6 4797.91 0
54 1951.06 4785.51 0
55 1972.17 4772.75 0
56 1994.01 4759.74 0
57 2016.61 4746.41 0
58 2039.97 4732.52 0
59 2064.05 4717.56 0
60 2088.82 4700.73 0
61 2114.25 4681.3 0
62 2140.42 4660.15 0
63 2167.42 4638.22 0
64 2195.17 4616.17 0
65 2223.62 4594.36 0
66 2252.7 4572.97 0
67 2282.33 4552.05 0
68 2312.46 4531.5 0
69 2343.06 4511.03 0
70 2374.15 4490.12 0
71 2405.7 4468.18 0
72 2437.1 4445.37 0
73 2467.73 4421.71 0
74 2496.85 4397.04 0
75 2523.93 4370.99 0
76 2548.6 4343.14 0
77 2570.71 4313.16 0
78 2590.06 4280.87 0
79 2606.7 4246.23 0
80 2620.61 4209.3 0
81 2632.15 4170.32 0
82 2641.53 4129.89 0
83 2648.86 4088.8 0
84 2654.09 4047.75 0
85 2657.28 4007.45 0
86 2658.61 3968.53 0
87 2658.27 3931.58 0
88 2656.48 3897.17 0
89 2653.68 3865.86 0
90 2650.25 3838.14 0
91 2646.59 3814.39 0
92 2643.56 3794.74 0
93 2642.1 3778.99 0
94 2643.24 3766.6 0
95 2647.75 3756.72 0
96 2656.04 3748.27 0
97 2668.4 3740.21 0
98 2684.71 3731.65 0
99 2704.55 3721.96 0
100 2727.17 3710.8 0
101 2751.74 3698.02 0
102 2777.69 3683.64 0
103 2804.61 3667.73 0
104 2832.19 3650.37 0
105 2860.2 3631.71 0
106 2888.43 3611.91 0
107 2916.71 3591.17 0
108 2944.82 3569.78 0
109 2972.54 3548.13 0
110 2999.57 3526.73 0
111 3025.7 3506.06 0
112 3051.12 3485.93 0
113 3076.02 3466.06 0
114 3100.57 3446.27 0
115 3124.86 3426.49 0
116 3148.92 3406.73 0
117 3172.74 3387.14 0
118 3196.27 3367.99 0
119 3219.39 3349.73 0
120 3241.96 3332.99 0
121 3263.84 3318.31 0
122 3285.19 3305.2 0
123 3306.21 3293.08 0
124 3327.02 3281.53 0
125 3347.69 3270.36 0
126 3368.25 3259.5 0
127 3388.68 3249.05 0
128 3408.91 3239.3 0
129 3428.82 3230.72 0
130 3448.25 3223.98 0
131 3467.08 3219.65 0
132 3485.42 3217.15 0
133 3503.46 3215.8 0
134 3521.31 3215.14 0
135 3539.04 3214.9 0
136 3556.67 3215 0
137 3574.18 3215.52 0
138 3591.5 3216.69 0
139 3608.46 3218.94 0
140 3624.87 3222.87 0
141 3640.53 3228.94 0
142 3655.64 3236.61 0
143 3670.43 3245.27 0
144 3685.06 3254.48 0
145 3699.65 3264 0
146 3714.25 3273.72 0
147 3728.83 3283.68 0
148 3743.3 3294.03 0
149 3757.5 3305.03 0
150 3771.2 3317.03 0
151 3784.19 3330.31 0
152 3796.74 3344.48 0
153 3809.17 3359.14 0
154 3821.72 3374.01 0
155 3834.54 3388.95 0
156 3847.71 3403.91 0
157 3861.25 3418.9 0
158 3875.15 3433.98 0
159 3889.32 3449.23 0
160 3903.66 3464.74 0
161 3918.17 3480.55 0
162 3933.11 3496.58 0
163 3948.79 3512.73 0
164 3965.5 3528.97 0
165 3983.38 3545.27 0
166 4002.41 3561.57 0
167 4022.5 3577.84 0
168 4043.62 3594.06 0
169 4065.64 3610.31 0
170 4088.53 3626.7 0
171 4112.21 3643.5 0
172 4136.43 3660.9 0
173 4160.91 3679.04 0
174 4185.55 3698.09 0
175 4210.21 3718.19 0
176 4234.95 3739.42 0
177 4259.91 3761.78 0
178 4285.34 3785.28 0
179 4311.34 3809.83 0
180 4337.81 3835.32 0
181 4364.57 3861.63 0
182 4391.48 3888.64 0
183 4418.41 3916.29 0
184 4445.27 3944.52 0
185 4471.95 3973.25 0
186 4498.38 4002.44 0
187 4524.45 4031.97 0
188 4550.06 4061.75 0
189 4575.11 4091.59 0
190 4599.46 4121.3 0
191 4623.03 4150.69 0
192 4645.86 4179.86 0
193 4667.98 4208.94 0
194 4689.44 4238.02 0
195 4710.28 4267.14 0
196 4730.46 4296.27 0
197 4749.99 4325.34 0
198 4768.81 4354.18 0
199 4786.84 4382.57 0
200 4804 4410.2 0
201 4820.16 4436.82 0
202 4835.44 4462.73 0
203 4850.04 4488.26 0
204 4864.04 4513.61 0
205 4877.6 4538.92 0
206 4890.75 4564.17 0
207 4903.48 4589.26 0
208 4915.76 4613.96 0
209 4927.51 4637.95 0
210 4938.63 4660.83 0
211 4949.13 4682.31 0
212 4959.41 4702.58 0
213 4969.94 4721.9 0
214 4981.31 4740.45 0
215 4993.7 4758.18 0
216 5007.15 4775.02 0
217 5021.52 4790.9 0
218 5036.78 4805.7 0
219 5052.69 4819.25 0
220 5068.93 4831.31 0
221 5085.24 4841.69 0
222 5101.72 4850.58 0
223 5118.47 4858.25 0
224 5135.69 4864.86 0
225 5153.32 4870.57 0
226 5171.2 4875.47 0
227 5189.31 4879.68 0
228 5207.57 4883.27 0
229 5225.81 4886.37 0
230 5243.91 4889.1 0
231 5261.8 4891.66 0
232 5279.65 4894.29 0
233 5297.75 4897.23 0
234 5316.42 4900.55 0
235 5335.89 4904.23 0
236 5356.28 4908.24 0
237 5377.61 4912.22 0
238 5399.47 4915.33 0
239 5421.91 4917.22 0
240 5445.06 4917.65 0
241 5469.06 4916.44 0
242 5493.85 4913.47 0
243 5519.23 4908.67 0
244 5544.97 4901.96 0
245 5570.86 4893.31 0
246 5596.67 4882.57 0
247 5622.19 4869.58 0
248 5647.18 4854.1 0
249 5671.49 4835.97 0
250 5695.09 4815.05 0
251 5717.98 4791.33 0
252 5739.85 4765.08 0
253 5760.58 4736.68 0
254 5780.26 4706.63 0
255 5799.03 4675.31 0
256 5817.17 4643.08 0
257 5834.95 4610.26 0
258 5852.67 4577.13 0
259 5870.56 4543.87 0
260 5888.85 4510.59 0
261 5907.71 4477.33 0
262 5927.1 4444.17 0
263 5946.96 4411.19 0
264 5967.22 4378.41 0
265 5987.81 4345.85 0
266 6008.69 4313.52 0
267 6029.83 4281.4 0
268 6051.2 4249.49 0
269 6072.79 4217.76 0
270 6094.57 4186.19 0
271 6116.54 4154.76 0
272 6138.67 4123.46 0
273 6160.95 4092.27 0
274 6183.35 4061.19 0
275 6205.86 4030.2 0
276 6228.43 3999.32 0
277 6251.04 3968.57 0
278 6273.6 3938 0
279 6296.06 3907.69 0
280 6318.32 3877.72 0
281 6340.3 3848.16 0
282 6362.07 3818.95 0
283 6383.67 3789.99 0
284 6405.19 3761.2 0
285 6426.64 3732.5 0
286 6448.06 3703.87 0
287 6469.47 3675.27 0
288 6490.87 3646.69 0
289 6512.29 3618.13 0
