0 900 4000 1500
1 920 4034.9 1499.5
2 940 4069.76 1499
3 960 4104.53 1498.5
4 980 4139.17 1498
5 1000 4173.65 1497.5
6 1020 4207.91 1497
7 1040 4241.92 1496.5
8 1060 4275.64 1496
9 1080 4309.02 1495.5
10 1100 4342.02 1495
11 1120 4374.61 1494.5
12 1140 4406.74 1494
13 1160 4438.37 1493.5
14 1180 4469.47 1493
15 1200 4500 1492.5
16 1220 4529.92 1492
17 1240 4559.19 1491.5
18 1260 4587.79 1491
19 1280 4615.66 1490.5
20 1300 4642.79 1490
21 1320 4669.13 1489.5
22 1340 4694.66 1489
23 1360 4719.34 1488.5
24 1380 4743.14 1488
25 1400 4766.04 1487.5
26 1420 4788.01 1487
27 1440 4809.02 1486.5
28 1460 4829.04 1486
29 1480 4848.05 1485.5
30 1500 4866.03 1485
31 1520 4882.95 1484.5
32 1540 4898.79 1484
33 1560 4913.55 1483.5
34 1580 4927.18 1483
35 1600 4939.69 1482.5
36 1620 4951.06 1482
37 1640 4961.26 1481.5
38 1660 4970.3 1481
39 1680 4978.15 1480.5
40 1700 4984.81 1480
41 1720 4990.27 1479.5
42 1740 4994.52 1479
43 1760 4997.56 1478.5
44 1780 4999.39 1478
45 1800 5000 1477.5
46 1820 4999.39 1477
47 1840 4997.56 1476.5
48 1860 4994.52 1476
49 1880 4990.27 1475.5
50 1900 4984.81 1475
51 1920 4978.15 1474.5
52 1940 4970.3 1474
53 1960 4961.26 1473.5
54 1980 4951.06 1473
55 2000 4939.69 1472.5
56 2020 4927.18 1472
57 2040 4913.55 1471.5
58 2060 4898.79 1471
59 2080 4882.95 1470.5
60 2100 4866.03 1470
61 2120 4848.05 1469.5
62 2140 4829.04 1469
63 2160 4809.02 1468.5
64 2180 4788.01 1468
65 2200 4766.04 1467.5
66 2220 4743.14 1467
67 2240 4719.34 1466.5
68 2260 4694.66 1466
69 2280 4669.13 1465.5
70 2300 4642.79 1465
71 2320 4615.66 1464.5
72 2340 4587.79 1464
73 2360 4559.19 1463.5
74 2380 4529.92 1463
75 2400 4500 1462.5
76 2420 4469.47 1462
77 2440 4438.37 1461.5
78 2460 4406.74 1461
79 2480 4374.61 1460.5
80 2500 4342.02 1460
81 2520 4309.02 1459.5
82 2540 4275.64 1459
83 2560 4241.92 1458.5
84 2580 4207.91 1458
85 2600 4173.65 1457.5
86 2620 4139.17 1457
87 2640 4104.53 1456.5
88 2660 4069.76 1456
89 2680 4034.9 1455.5
90 2700 4000 1455
91 2720 3965.1 1454.5
92 2740 3930.24 1454
93 2760 3895.47 1453.5
94 2780 3860.83 1453
95 2800 3826.35 1452.5
96 2820 3792.09 1452
97 2840 3758.08 1451.5
98 2860 3724.36 1451
99 2880 3690.98 1450.5
100 2900 3657.98 1450
101 2920 3625.39 1449.5
102 2940 3593.26 1449
103 2960 3561.63 1448.5
104 2980 3530.53 1448
105 3000 3500 1447.5
106 3020 3470.08 1447
107 3040 3440.81 1446.5
108 3060 3412.21 1446
109 3080 3384.34 1445.5
110 3100 3357.21 1445
111 3120 3330.87 1444.5
112 3140 3305.34 1444
113 3160 3280.66 1443.5
114 3180 3256.86 1443
115 3200 3233.96 1442.5
116 3220 3211.99 1442
117 3240 3190.98 1441.5
118 3260 3170.96 1441
119 3280 3151.95 1440.5
120 3300 3133.97 1440
121 3320 3117.05 1439.5
122 3340 3101.21 1439
123 3360 3086.45 1438.5
124 3380 3072.82 1438
125 3400 3060.31 1437.5
126 3420 3048.94 1437
127 3440 3038.74 1436.5
128 3460 3029.7 1436
129 3480 3021.85 1435.5
130 3500 3015.19 1435
131 3520 3009.73 1434.5
132 3540 3005.48 1434
133 3560 3002.44 1433.5
134 3580 3000.61 1433
135 3600 3000 1432.5
136 3620 3000.61 1432
137 3640 3002.44 1431.5
138 3660 3005.48 1431
139 3680 3009.73 1430.5
140 3700 3015.19 1430
141 3720 3021.85 1429.5
142 3740 3029.7 1429
143 3760 3038.74 1428.5
144 3780 3048.94 1428
145 3800 3060.31 1427.5
146 3820 3072.82 1427
147 3840 3086.45 1426.5
148 3860 3101.21 1426
149 3880 3117.05 1425.5
150 3900 3133.97 1425
151 3920 3151.95 1424.5
152 3940 3170.96 1424
153 3960 3190.98 1423.5
154 3980 3211.99 1423
155 4000 3233.96 1422.5
156 4020 3256.86 1422
157 4040 3280.66 1421.5
158 4060 3305.34 1421
159 4080 3330.87 1420.5
160 4100 3357.21 1420
161 4120 3384.34 1419.5
162 4140 3412.21 1419
163 4160 3440.81 1418.5
164 4180 3470.08 1418
165 4200 3500 1417.5
166 4220 3530.53 1417
167 4240 3561.63 1416.5
168 4260 3593.26 1416
169 4280 3625.39 1415.5
170 4300 3657.98 1415
171 4320 3690.98 1414.5
172 4340 3724.36 1414
173 4360 3758.08 1413.5
174 4380 3792.09 1413
175 4400 3826.35 1412.5
176 4420 3860.83 1412
177 4440 3895.47 1411.5
178 4460 3930.24 1411
179 4480 3965.1 1410.5
180 4500 4000 1410
181 4520 4034.9 1409.5
182 4540 4069.76 1409
183 4560 4104.53 1408.5
184 4580 4139.17 1408
185 4600 4173.65 1407.5
186 4620 4207.91 1407
187 4640 4241.92 1406.5
188 4660 4275.64 1406
189 4680 4309.02 1405.5
190 4700 4342.02 1405
191 4720 4374.61 1404.5
192 4740 4406.74 1404
193 4760 4438.37 1403.5
194 4780 4469.47 1403
195 4800 4500 1402.5
196 4820 4529.92 1402
197 4840 4559.19 1401.5
198 4860 4587.79 1401
199 4880 4615.66 1400.5
200 4900 4642.79 1400
201 4920 4669.13 1399.5
202 4940 4694.66 1399
203 4960 4719.34 1398.5
204 4980 4743.14 1398
205 5000 4766.04 1397.5
206 5020 4788.01 1397
207 5040 4809.02 1396.5
208 5060 4829.04 1396
209 5080 4848.05 1395.5
210 5100 4866.03 1395
211 5120 4882.95 1394.5
212 5140 4898.79 1394
213 5160 4913.55 1393.5
214 5180 4927.18 1393
215 5200 4939.69 1392.5
216 5220 4951.06 1392
217 5240 4961.26 1391.5
218 5260 4970.3 1391
219 5280 4978.15 1390.5
220 5300 4984.81 1390
221 5320 4990.27 1389.5
222 5340 4994.52 1389
223 5360 4997.56 1388.5
224 5380 4999.39 1388
225 5400 5000 1387.5
226 5420 4999.39 1387
227 5440 4997.56 1386.5
228 5460 4994.52 1386
229 5480 4990.27 1385.5
230 5500 4984.81 1385
231 5520 4978.15 1384.5
232 5540 4970.3 1384
233 5560 4961.26 1383.5
234 5580 4951.06 1383
235 5600 4939.69 1382.5
236 5620 4927.18 1382
237 5640 4913.55 1381.5
238 5660 4898.79 1381
239 5680 4882.95 1380.5
240 5700 4866.03 1380
241 5720 4848.05 1379.5
242 5740 4829.04 1379
243 5760 4809.02 1378.5
244 5780 4788.01 1378
245 5800 4766.04 1377.5
246 5820 4743.14 1377
247 5840 4719.34 1376.5
248 5860 4694.66 1376
249 5880 4669.13 1375.5
250 5900 4642.79 1375
251 5920 4615.66 1374.5
252 5940 4587.79 1374
253 5960 4559.19 1373.5
254 5980 4529.92 1373
255 6000 4500 1372.5
256 6020 4469.47 1372
257 6040 4438.37 1371.5
258 6060 4406.74 1371
259 6080 4374.61 1370.5
260 6100 4342.02 1370
261 6120 4309.02 1369.5
262 6140 4275.64 1369
263 6160 4241.92 1368.5
264 6180 4207.91 1368
265 6200 4173.65 1367.5
266 6220 4139.17 1367
267 6240 4104.53 1366.5
268 6260 4069.76 1366
269 6280 4034.9 1365.5
270 6300 4000 1365
271 6320 3965.1 1364.5
272 6340 3930.24 1364
273 6360 3895.47 1363.5
274 6380 3860.83 1363
275 6400 3826.35 1362.5
276 6420 3792.09 1362
277 6440 3758.08 1361.5
278 6460 3724.36 1361
279 6480 3690.98 1360.5
280 6500 3657.98 1360
281 6520 3625.39 1359.5
282 6540 3593.26 1359
283 6560 3561.63 1358.5
284 6580 3530.53 1358
285 6600 3500 1357.5
286 6620 3470.08 1357
287 6640 3440.81 1356.5
288 6660 3412.21 1356
289 6680 3384.34 1355.5
