0 -1.25664 -0.607775 -0 -1.68584 -0 -1.07807 1.25664
1 -1.08284 -0.611716 -0 -1.68851 -0 -1.07679 1.08284
2 -0.907814 -0.613012 -0 -1.69034 -0 -1.07733 0.907814
3 -0.735344 -0.612698 -0 -1.69166 -0 -1.07896 0.735344
4 -0.567526 -0.611441 -0 -1.69268 -0 -1.08124 0.567526
5 -0.40533 -0.609644 -0 -1.69352 -0 -1.08388 0.40533
6 -0.249749 -0.607512 -0 -1.69425 -0 -1.08674 0.249749
7 -0.101104 -0.605254 -0 -1.69493 -0 -1.08967 0.101104
8 0.0402029 -0.603006 -0 -1.6956 -0 -1.09259 -0.0402029
9 0.174067 -0.600757 -0 -1.69626 -0 -1.09551 -0.174067
10 0.300076 -0.59823 -0 -1.69682 -0 -1.09859 -0.300076
11 0.417614 -0.594947 -0 -1.69712 -0 -1.10217 -0.417614
12 0.525965 -0.591127 -0 -1.6972 -0 -1.10608 -0.525965
13 0.62522 -0.587185 -0 -1.69723 -0 -1.11004 -0.62522
14 0.715865 -0.583575 -0 -1.69735 -0 -1.11377 -0.715865
15 0.798596 -0.580658 -0 -1.6977 -0 -1.11704 -0.798596
16 0.874436 -0.578735 -0 -1.6984 -0 -1.11966 -0.874436
17 0.944258 -0.57791 -0 -1.69949 -0 -1.12158 -0.944258
18 1.00892 -0.577938 -0 -1.70088 -0 -1.12294 -1.00892
19 1.06874 -0.578106 -0 -1.70233 -0 -1.12422 -1.06874
20 1.12381 -0.576826 -0 -1.70325 -0 -1.12642 -1.12381
21 1.17312 -0.572513 -0 -1.70304 -0 -1.13053 -1.17312
22 1.21613 -0.56674 -0 -1.70226 -0 -1.13552 -1.21613
23 1.25313 -0.56122 -0 -1.70153 -0 -1.14031 -1.25313
24 1.28511 -0.556891 -0 -1.70123 -0 -1.14433 -1.28511
25 1.31273 -0.554274 -0 -1.70157 -0 -1.1473 -1.31273
26 1.33685 -0.553537 -0 -1.70265 -0 -1.14911 -1.33685
27 1.35801 -0.554601 -0 -1.70444 -0 -1.14984 -1.35801
28 1.37669 -0.556887 -0 -1.70671 -0 -1.14982 -1.37669
29 1.39302 -0.559165 -0 -1.70897 -0 -1.1498 -1.39302
30 1.40719 -0.559283 -0 -1.71038 -0 -1.1511 -1.40719
31 1.41881 -0.555058 -0 -1.71009 -0 -1.15503 -1.41881
32 1.42796 -0.548766 -0 -1.70895 -0 -1.16018 -1.42796
33 1.43473 -0.542582 -0 -1.7078 -0 -1.16522 -1.43473
34 1.4395 -0.537939 -0 -1.70724 -0 -1.1693 -1.4395
35 1.44262 -0.535398 -0 -1.70754 -0 -1.17214 -1.44262
36 1.44427 -0.535132 -0 -1.70878 -0 -1.17365 -1.44427
37 1.44459 -0.537019 -0 -1.71093 -0 -1.17391 -1.44459
38 1.44366 -0.540327 -0 -1.71366 -0 -1.17333 -1.44366
39 1.44165 -0.543613 -0 -1.71637 -0 -1.17276 -1.44165
40 1.43855 -0.544502 -0 -1.71809 -0 -1.17359 -1.43855
41 1.43458 -0.54066 -0 -1.71786 -0 -1.1772 -1.43458
42 1.43009 -0.534478 -0 -1.71663 -0 -1.18215 -1.43009
43 1.42517 -0.528331 -0 -1.71536 -0 -1.18703 -1.42517
44 1.41997 -0.523693 -0 -1.7147 -0 -1.19101 -1.41997
45 1.41471 -0.521264 -0 -1.71499 -0 -1.19372 -1.41471
46 1.40939 -0.521214 -0 -1.71631 -0 -1.1951 -1.40939
47 1.40425 -0.523366 -0 -1.71859 -0 -1.19523 -1.40425
48 1.39944 -0.526942 -0 -1.72149 -0 -1.19455 -1.39944
49 1.39526 -0.530488 -0 -1.72436 -0 -1.19387 -1.39526
50 1.39197 -0.531768 -0 -1.72625 -0 -1.19448 -1.39197
51 1.39019 -0.528582 -0 -1.72623 -0 -1.19765 -1.39019
52 1.39029 -0.523067 -0 -1.72517 -0 -1.20211 -1.39029
53 1.39272 -0.517513 -0 -1.72406 -0 -1.20655 -1.39272
54 1.39773 -0.513241 -0 -1.72349 -0 -1.21025 -1.39773
55 1.40561 -0.510996 -0 -1.72382 -0 -1.21282 -1.40561
56 1.41681 -0.510963 -0 -1.72514 -0 -1.21417 -1.41681
57 1.43176 -0.512911 -0 -1.72735 -0 -1.21444 -1.43176
58 1.45091 -0.516261 -0 -1.73018 -0 -1.21392 -1.45091
59 1.47465 -0.519654 -0 -1.73303 -0 -1.21338 -1.47465
60 1.50326 -0.52116 -0 -1.73503 -0 -1.21387 -1.50326
61 1.53633 -0.51893 -0 -1.73537 -0 -1.21644 -1.53633
62 1.57328 -0.514723 -0 -1.73483 -0 -1.2201 -1.57328
63 1.61421 -0.51044 -0 -1.73422 -0 -1.22378 -1.61421
64 1.65885 -0.507335 -0 -1.73413 -0 -1.2268 -1.65885
65 1.70752 -0.505948 -0 -1.73482 -0 -1.22887 -1.70752
66 1.76064 -0.506384 -0 -1.73635 -0 -1.22997 -1.76064
67 1.81863 -0.508428 -0 -1.73861 -0 -1.23018 -1.81863
68 1.88188 -0.511509 -0 -1.74134 -0 -1.22984 -1.88188
69 1.95032 -0.514587 -0 -1.74407 -0 -1.22948 -1.95032
70 2.02293 -0.516103 -0 -1.74608 -0 -1.22997 -2.02293
71 2.0972 -0.514573 -0 -1.74671 -0 -1.23214 -2.0972
72 2.16919 -0.510866 -0 -1.74635 -0 -1.23549 -2.16919
73 2.23546 -0.50603 -0 -1.74545 -0 -1.23942 -2.23546
74 2.29209 -0.501187 -0 -1.74453 -0 -1.24334 -2.29209
75 2.33611 -0.497125 -0 -1.74394 -0 -1.24681 -2.33611
76 2.3651 -0.494349 -0 -1.74394 -0 -1.24959 -2.3651
77 2.37768 -0.493044 -0 -1.74464 -0 -1.25159 -2.37768
78 2.37256 -0.493447 -0 -1.74615 -0 -1.2527 -2.37256
79 2.34961 -0.495252 -0 -1.74832 -0 -1.25307 -2.34961
80 2.30843 -0.498013 -0 -1.75094 -0 -1.25293 -2.30843
81 2.25075 -0.500616 -0 -1.75348 -0 -1.25287 -2.25075
82 2.17924 -0.5027 -0 -1.75578 -0 -1.25308 -2.17924
83 2.09663 -0.504438 -0 -1.7579 -0 -1.25347 -2.09663
84 2.00408 -0.506127 -0 -1.76 -0 -1.25388 -2.00408
85 1.90269 -0.508056 -0 -1.76221 -0 -1.25416 -1.90269
86 1.79332 -0.51037 -0 -1.7646 -0 -1.25423 -1.79332
87 1.67604 -0.513149 -0 -1.76719 -0 -1.25404 -1.67604
88 1.5504 -0.516496 -0 -1.77003 -0 -1.25353 -1.5504
89 1.41633 -0.520451 -0 -1.77313 -0 -1.25268 -1.41633
90 1.2726 -0.524858 -0 -1.77642 -0 -1.25157 -1.2726
91 1.11753 -0.529155 -0 -1.77965 -0 -1.25049 -1.11753
92 0.952238 -0.532594 -0 -1.78248 -0 -1.24988 -0.952238
93 0.77934 -0.534321 -0 -1.78455 -0 -1.25023 -0.77934
94 0.603317 -0.533906 -0 -1.78569 -0 -1.25178 -0.603317
95 0.428941 -0.531191 -0 -1.78581 -0 -1.25462 -0.428941
96 0.261157 -0.526242 -0 -1.78493 -0 -1.25869 -0.261157
97 0.103764 -0.520086 -0 -1.78348 -0 -1.26339 -0.103764
98 -0.0415643 -0.513684 -0 -1.78187 -0 -1.26819 0.0415643
99 -0.174773 -0.507712 -0 -1.78042 -0 -1.2727 0.174773
100 -0.296603 -0.502114 -0 -1.7791 -0 -1.27698 0.296603
101 -0.407493 -0.496532 -0 -1.77775 -0 -1.28122 0.407493
102 -0.508076 -0.491021 -0 -1.7764 -0 -1.28538 0.508076
103 -0.599088 -0.485802 -0 -1.77516 -0 -1.28936 0.599088
104 -0.681274 -0.48116 -0 -1.77418 -0 -1.29302 0.681274
105 -0.755611 -0.477319 -0 -1.77357 -0 -1.29625 0.755611
106 -0.822908 -0.4744 -0 -1.77341 -0 -1.29901 0.822908
107 -0.883999 -0.472417 -0 -1.77371 -0 -1.30129 0.883999
108 -0.939582 -0.471018 -0 -1.7743 -0 -1.30328 0.939582
109 -0.990156 -0.469658 -0 -1.7749 -0 -1.30525 0.990156
110 -1.03596 -0.467298 -0 -1.775 -0 -1.3077 1.03596
111 -1.077 -0.463099 -0 -1.77414 -0 -1.31104 1.077
112 -1.11344 -0.457958 -0 -1.77277 -0 -1.31482 1.11344
113 -1.14548 -0.452956 -0 -1.77145 -0 -1.31849 1.14548
114 -1.17372 -0.448886 -0 -1.77059 -0 -1.32171 1.17372
115 -1.1987 -0.446164 -0 -1.77044 -0 -1.32427 1.1987
116 -1.22082 -0.444966 -0 -1.77109 -0 -1.32612 1.22082
117 -1.24048 -0.445109 -0 -1.77245 -0 -1.32734 1.24048
118 -1.25796 -0.446086 -0 -1.77426 -0 -1.32817 1.25796
119 -1.27343 -0.446901 -0 -1.77598 -0 -1.32908 1.27343
120 -1.28704 -0.446124 -0 -1.77685 -0 -1.33073 1.28704
121 -1.29868 -0.44254 -0 -1.77622 -0 -1.33368 1.29868
122 -1.30831 -0.43744 -0 -1.77475 -0 -1.33731 1.30831
123 -1.31613 -0.432298 -0 -1.77323 -0 -1.34093 1.31613
124 -1.3222 -0.428281 -0 -1.7723 -0 -1.34402 1.3222
125 -1.32673 -0.425862 -0 -1.77225 -0 -1.34638 1.32673
126 -1.3298 -0.425277 -0 -1.7732 -0 -1.34793 1.3298
127 -1.33145 -0.426364 -0 -1.77509 -0 -1.34873 1.33145
128 -1.33171 -0.428397 -0 -1.7775 -0 -1.3491 1.33171
129 -1.3305 -0.430297 -0 -1.77983 -0 -1.34953 1.3305
130 -1.32784 -0.430424 -0 -1.78118 -0 -1.35075 1.32784
131 -1.32385 -0.427408 -0 -1.78079 -0 -1.35338 1.32385
132 -1.31844 -0.422662 -0 -1.77943 -0 -1.35677 1.31844
133 -1.31175 -0.41785 -0 -1.778 -0 -1.36015 1.31175
134 -1.30376 -0.414083 -0 -1.77715 -0 -1.36307 1.30376
135 -1.29439 -0.412034 -0 -1.77726 -0 -1.36523 1.29439
136 -1.28357 -0.411878 -0 -1.77845 -0 -1.36657 1.28357
137 -1.2712 -0.413397 -0 -1.78059 -0 -1.36719 1.2712
138 -1.25718 -0.415966 -0 -1.78332 -0 -1.36736 1.25718
139 -1.24131 -0.418447 -0 -1.786 -0 -1.36756 1.24131
140 -1.22368 -0.419294 -0 -1.78776 -0 -1.36846 1.22368
141 -1.20438 -0.417237 -0 -1.78787 -0 -1.37064 1.20438
142 -1.18366 -0.413578 -0 -1.78707 -0 -1.37349 1.18366
143 -1.16159 -0.409822 -0 -1.7862 -0 -1.37638 1.16159
144 -1.13809 -0.406968 -0 -1.78583 -0 -1.37886 1.13809
145 -1.11304 -0.40562 -0 -1.78632 -0 -1.3807 1.11304
146 -1.08627 -0.405933 -0 -1.78778 -0 -1.38185 1.08627
147 -1.05753 -0.40767 -0 -1.79005 -0 -1.38238 1.05753
148 -1.02654 -0.410339 -0 -1.79286 -0 -1.38252 1.02654
149 -0.993251 -0.412997 -0 -1.79565 -0 -1.38266 0.993251
150 -0.957662 -0.414523 -0 -1.7978 -0 -1.38327 0.957662
151 -0.920015 -0.413912 -0 -1.79872 -0 -1.38481 0.920015
152 -0.880633 -0.412126 -0 -1.79897 -0 -1.38685 0.880633
153 -0.839673 -0.410244 -0 -1.79916 -0 -1.38892 0.839673
154 -0.797074 -0.408999 -0 -1.79972 -0 -1.39072 0.797074
155 -0.752737 -0.408708 -0 -1.80082 -0 -1.39211 0.752737
156 -0.706524 -0.40941 -0 -1.8025 -0 -1.39309 0.706524
157 -0.658291 -0.410934 -0 -1.80464 -0 -1.39371 0.658291
158 -0.607979 -0.412987 -0 -1.80709 -0 -1.3941 0.607979
159 -0.55552 -0.415079 -0 -1.80955 -0 -1.39447 0.55552
160 -0.501054 -0.416671 -0 -1.81173 -0 -1.39506 0.501054
161 -0.444825 -0.417534 -0 -1.81349 -0 -1.39595 0.444825
162 -0.387213 -0.418125 -0 -1.81509 -0 -1.39697 0.387213
163 -0.328199 -0.419093 -0 -1.81691 -0 -1.39782 0.328199
164 -0.267944 -0.420954 -0 -1.81923 -0 -1.39828 0.267944
165 -0.206018 -0.423918 -0 -1.82217 -0 -1.39825 0.206018
166 -0.141698 -0.42778 -0 -1.8256 -0 -1.39782 0.141698
167 -0.0743912 -0.432089 -0 -1.82926 -0 -1.39717 0.0743912
168 -0.00369718 -0.436481 -0 -1.83295 -0 -1.39647 0.00369718
169 0.0702332 -0.440318 -0 -1.83632 -0 -1.396 -0.0702332
170 0.146852 -0.443252 -0 -1.83919 -0 -1.39594 -0.146852
171 0.224643 -0.444988 -0 -1.8414 -0 -1.39641 -0.224643
172 0.302188 -0.444991 -0 -1.84267 -0 -1.39768 -0.302188
173 0.377923 -0.442831 -0 -1.84277 -0 -1.39994 -0.377923
174 0.450292 -0.43872 -0 -1.84179 -0 -1.40307 -0.450292
175 0.517988 -0.432911 -0 -1.83986 -0 -1.40695 -0.517988
176 0.580647 -0.4261 -0 -1.83733 -0 -1.41123 -0.580647
177 0.638588 -0.419067 -0 -1.83463 -0 -1.41557 -0.638588
178 0.692741 -0.4127 -0 -1.83226 -0 -1.41956 -0.692741
179 0.744086 -0.407353 -0 -1.83044 -0 -1.42309 -0.744086
180 0.793016 -0.402927 -0 -1.82913 -0 -1.42621 -0.793016
181 0.839619 -0.399132 -0 -1.82817 -0 -1.42904 -0.839619
182 0.883973 -0.395746 -0 -1.82744 -0 -1.43169 -0.883973
183 0.925903 -0.3927 -0 -1.8269 -0 -1.43419 -0.925903
184 0.965348 -0.389981 -0 -1.82654 -0 -1.43656 -0.965348
185 1.00221 -0.387492 -0 -1.82631 -0 -1.43882 -1.00221
186 1.03635 -0.385336 -0 -1.82627 -0 -1.44094 -1.03635
187 1.06767 -0.383345 -0 -1.82633 -0 -1.44299 -1.06767
188 1.09601 -0.381441 -0 -1.82644 -0 -1.445 -1.09601
189 1.12132 -0.379355 -0 -1.82643 -0 -1.44708 -1.12132
190 1.14337 -0.37674 -0 -1.8261 -0 -1.44936 -1.14337
191 1.16212 -0.373284 -0 -1.82524 -0 -1.45196 -1.16212
192 1.17748 -0.36947 -0 -1.82415 -0 -1.45468 -1.17748
193 1.18936 -0.365799 -0 -1.82313 -0 -1.45733 -1.18936
194 1.19784 -0.362662 -0 -1.82243 -0 -1.45977 -1.19784
195 1.20303 -0.360328 -0 -1.82223 -0 -1.4619 -1.20303
196 1.20484 -0.358816 -0 -1.82254 -0 -1.46372 -1.20484
197 1.20337 -0.358078 -0 -1.82333 -0 -1.46525 -1.20337
198 1.19864 -0.357711 -0 -1.82436 -0 -1.46664 -1.19864
199 1.19057 -0.357251 -0 -1.82532 -0 -1.46807 -1.19057
200 1.17935 -0.355894 -0 -1.82572 -0 -1.46983 -1.17935
201 1.16489 -0.352999 -0 -1.82514 -0 -1.47214 -1.16489
202 1.14726 -0.349314 -0 -1.82405 -0 -1.47474 -1.14726
203 1.12665 -0.345761 -0 -1.82303 -0 -1.47727 -1.12665
204 1.10299 -0.342813 -0 -1.82239 -0 -1.47957 -1.10299
205 1.0765 -0.340859 -0 -1.82238 -0 -1.48152 -1.0765
206 1.04714 -0.339807 -0 -1.82295 -0 -1.48314 -1.04714
207 1.01492 -0.339335 -0 -1.8239 -0 -1.48456 -1.01492
208 0.980052 -0.338813 -0 -1.82482 -0 -1.486 -0.980052
209 0.942966 -0.337353 -0 -1.82512 -0 -1.48777 -0.942966
210 0.904401 -0.333913 -0 -1.82413 -0 -1.49021 -0.904401
211 0.86536 -0.327909 -0 -1.82143 -0 -1.49352 -0.86536
212 0.826829 -0.320341 -0 -1.81766 -0 -1.49731 -0.826829
213 0.789564 -0.312484 -0 -1.81363 -0 -1.50114 -0.789564
214 0.754377 -0.305835 -0 -1.81036 -0 -1.50452 -0.754377
215 0.721562 -0.300734 -0 -1.80811 -0 -1.50738 -0.721562
216 0.691025 -0.297307 -0 -1.807 -0 -1.50969 -0.691025
217 0.662271 -0.295345 -0 -1.80689 -0 -1.51155 -0.662271
218 0.635381 -0.294692 -0 -1.80769 -0 -1.513 -0.635381
219 0.610085 -0.294768 -0 -1.809 -0 -1.51423 -0.610085
220 0.586363 -0.294675 -0 -1.81018 -0 -1.51551 -0.586363
221 0.564261 -0.293716 -0 -1.81077 -0 -1.51705 -0.564261
222 0.543414 -0.292426 -0 -1.81112 -0 -1.5187 -0.543414
223 0.523172 -0.2914 -0 -1.81166 -0 -1.52026 -0.523172
224 0.503344 -0.291278 -0 -1.81283 -0 -1.52155 -0.503344
225 0.483202 -0.29214 -0 -1.81468 -0 -1.52254 -0.483202
226 0.462103 -0.293721 -0 -1.81703 -0 -1.52331 -0.462103
227 0.439543 -0.296062 -0 -1.81991 -0 -1.52385 -0.439543
228 0.415107 -0.298977 -0 -1.82318 -0 -1.5242 -0.415107
229 0.388026 -0.302113 -0 -1.82659 -0 -1.52448 -0.388026
230 0.357662 -0.305156 -0 -1.82993 -0 -1.52477 -0.357662
231 0.323225 -0.307895 -0 -1.83305 -0 -1.52515 -0.323225
232 0.284058 -0.310617 -0 -1.83615 -0 -1.52553 -0.284058
233 0.239471 -0.313793 -0 -1.83955 -0 -1.52576 -0.239471
234 0.189335 -0.317743 -0 -1.84346 -0 -1.52572 -0.189335
235 0.133464 -0.322485 -0 -1.84789 -0 -1.5254 -0.133464
236 0.0716955 -0.32769 -0 -1.8526 -0 -1.52491 -0.0716955
237 0.00506875 -0.332717 -0 -1.85716 -0 -1.52445 -0.00506875
238 -0.0634009 -0.336095 -0 -1.86063 -0 -1.52453 0.0634009
239 -0.132011 -0.337889 -0 -1.86305 -0 -1.52516 0.132011
240 -0.199778 -0.338545 -0 -1.86473 -0 -1.52618 0.199778
241 -0.266073 -0.338653 -0 -1.86605 -0 -1.5274 0.266073
242 -0.330427 -0.33837 -0 -1.86712 -0 -1.52875 0.330427
243 -0.392415 -0.337552 -0 -1.86783 -0 -1.53028 0.392415
244 -0.45144 -0.336059 -0 -1.86811 -0 -1.53205 0.45144
245 -0.506998 -0.333828 -0 -1.8679 -0 -1.53407 0.506998
246 -0.558112 -0.330964 -0 -1.86727 -0 -1.53631 0.558112
247 -0.603831 -0.327724 -0 -1.86638 -0 -1.53866 0.603831
248 -0.642975 -0.324479 -0 -1.86548 -0 -1.541 0.642975
249 -0.674835 -0.321722 -0 -1.86489 -0 -1.54317 0.674835
250 -0.699048 -0.320129 -0 -1.86508 -0 -1.54495 0.699048
251 -0.715745 -0.320112 -0 -1.86632 -0 -1.5462 0.715745
252 -0.724906 -0.320981 -0 -1.86815 -0 -1.54717 0.724906
253 -0.72728 -0.322038 -0 -1.8701 -0 -1.54807 0.72728
254 -0.724298 -0.32276 -0 -1.87184 -0 -1.54908 0.724298
255 -0.71731 -0.322786 -0 -1.8731 -0 -1.55032 0.71731
256 -0.707932 -0.322072 -0 -1.87388 -0 -1.55181 0.707932
257 -0.697652 -0.320643 -0 -1.87417 -0 -1.55353 0.697652
258 -0.687911 -0.318676 -0 -1.87411 -0 -1.55543 0.687911
259 -0.679694 -0.316395 -0 -1.87382 -0 -1.55743 0.679694
260 -0.673729 -0.314163 -0 -1.87357 -0 -1.5594 0.673729
261 -0.670354 -0.312355 -0 -1.87359 -0 -1.56124 0.670354
262 -0.669593 -0.310832 -0 -1.87381 -0 -1.56298 0.669593
263 -0.671406 -0.30942 -0 -1.8741 -0 -1.56468 0.671406
264 -0.675531 -0.30802 -0 -1.8744 -0 -1.56638 0.675531
265 -0.681736 -0.306507 -0 -1.87462 -0 -1.56811 0.681736
266 -0.689854 -0.304811 -0 -1.87471 -0 -1.5699 0.689854
267 -0.699572 -0.302971 -0 -1.87469 -0 -1.57172 0.699572
268 -0.710717 -0.300947 -0 -1.87455 -0 -1.57361 0.710717
269 -0.723054 -0.298801 -0 -1.87432 -0 -1.57552 0.723054
270 -0.736308 -0.296566 -0 -1.87403 -0 -1.57746 0.736308
271 -0.750309 -0.294317 -0 -1.87371 -0 -1.5794 0.750309
272 -0.764846 -0.292063 -0 -1.87339 -0 -1.58133 0.764846
273 -0.779714 -0.289892 -0 -1.87313 -0 -1.58324 0.779714
274 -0.794743 -0.28781 -0 -1.87292 -0 -1.58511 0.794743
275 -0.809791 -0.285885 -0 -1.87282 -0 -1.58693 0.809791
276 -0.824646 -0.284102 -0 -1.87281 -0 -1.58871 0.824646
277 -0.839245 -0.282453 -0 -1.87289 -0 -1.59044 0.839245
278 -0.853386 -0.280776 -0 -1.87296 -0 -1.59218 0.853386
279 -0.867009 -0.278947 -0 -1.87291 -0 -1.59396 0.867009
280 -0.879929 -0.276745 -0 -1.87259 -0 -1.59585 0.879929
281 -0.892007 -0.273984 -0 -1.87187 -0 -1.59789 0.892007
282 -0.90318 -0.27101 -0 -1.87099 -0 -1.59998 0.90318
283 -0.913264 -0.268181 -0 -1.8702 -0 -1.60202 0.913264
284 -0.922299 -0.265872 -0 -1.86978 -0 -1.60391 0.922299
285 -0.930095 -0.264356 -0 -1.86993 -0 -1.60558 0.930095
286 -0.936675 -0.263835 -0 -1.87081 -0 -1.60697 0.936675
287 -0.941962 -0.264516 -0 -1.87255 -0 -1.60804 0.941962
288 -0.945919 -0.266476 -0 -1.87522 -0 -1.60875 0.945919
289 -0.948519 -0.269895 -0 -1.87894 -0 -1.60904 0.948519
